235152
285535
432920
846088
978842
204820
124718
223839
709949
435353
997244
526496
585404
730589
498160
681390
636178
363479
893647
875875
ggrrrr
731088
292436
228940
136093
639300
686300
607405
807818
879909
366031
286706
307016
810669
294844
llooll
974086
783507
229803
577648
102617
406327
909640
600834
776769
476601
611735
550849
216762
584539
279278
239211
710187
465858
888385
852987
688363
199769
782033
312474
198593
695479
908367
640248
436898
531373
688491
891521
583346
567498
792950
350160
379641
581225
246822
838912
299416
347912
292660
184927
718223
958821
430731
306070
487705
203779
280415
703727
683671
214213
222184
886480
831070
335182
867285
633946
449584
531957
347818
120582
745848
346046
812969
440351
112428
296979
205886
963802
558843
423573
603971
952447
533017
309410
yyzzww
708126
830089
978201
132421
504906
572205
545288
195158
744948
172929
643538
197406
799036
164334
471425
419183
486950
304007
513184
705104
616002
137113
271286
645684
164486
697615
277613
443334
158416
309439
555398
892686
615483
144752
493141
505091
838188
358953
690890
828283
851194
888449
809165
190880
698818
179198
854753
756085
800019
627470
704516
jjuuuu
771496
654849
210886
534654
622911
622527
253538
904890
446205
322284
aabbdd
435117
xxyyzz
224208
281975
649394
374376
213548
966974
681228
725939
279515
669699
962758
587628
871302
815977
489542
154310
777703
680855
593507
100661
299645
268824
503937
mmnnoo
799662
240598
781523
